      2.00       6.00
      2.00       9.00
      2.00       5.00
      3.00       3.00
      5.00       7.00
     17.00      15.00
      2.00       3.00
      2.00       2.00
     13.00      14.00
     46.10      85.46
      7.00       7.00
      8.00       9.00
      7.00      10.00
      8.00       8.00
     13.00      15.00
      8.00       8.00
      7.78      12.73
      1.20      25.58
     12.00       4.00
      6.00       4.00
     21.19      44.26
     28.00      36.00
     13.00      21.00
     13.00      11.00
     13.00      14.00
      9.00      12.00
     16.00      18.00
      6.69      57.80
      1.00       4.00
     16.40      40.36
      8.00      10.00
     24.00      21.00
     10.00      10.00
     13.00      14.00
     23.00      22.00
     28.00      29.00
     16.76      28.45
     13.00      15.00
     11.40      27.52
     39.00      48.00
     27.00      29.00
     14.99      29.21
     17.30      74.16
     30.00      32.00
     15.00      16.00
     31.00      40.00
     36.00      44.00
     17.00      18.00
     12.00      12.00
     15.00      13.00
     13.44      17.68
