     12.00      16.00
      2.00       5.00
     18.00      14.00
      7.00       8.00
      8.00       7.00
     11.00      11.00
     31.14      52.01
      2.00      12.00
     22.00      30.00
     13.00      15.00
      8.81      14.40
     23.71      40.78
      9.00       8.00
     15.00      19.00
     33.02      48.17
     18.78      34.88
     16.64      33.33
     20.00      21.00
      9.00       4.00
      9.49      27.17
      8.00       6.00
      1.00       6.00
     17.00       4.00
     32.00      30.00
      5.00      27.12
     15.00      20.00
     18.00      10.00
     10.00      13.00
     12.00      13.00
     15.00      14.00
      7.00      10.00
     17.68      19.80
     28.00      34.00
     43.60      67.70
     16.00      18.00
     24.00      23.00
     31.40      49.55
     21.21      31.82
     19.39      56.05
     11.40      68.15
      1.00       3.00
     22.00      25.00
      2.00       6.00
     15.00      21.00
     29.83      41.16
     24.83      41.44
      9.00      10.00
