      2.00       5.00
     11.00      11.00
     47.68      78.92
     18.00      14.00
      6.00       7.00
     13.00      11.00
     17.00      15.00
      3.00       5.00
     15.81     158.11
     16.00      15.00
     10.81      23.18
      2.00       5.00
      3.00       8.00
     13.00       8.00
     23.00      22.00
     10.00      10.00
     39.56      73.27
     22.56      34.22
     48.00      60.00
      2.83      12.02
     20.02      59.66
     14.00      21.00
     11.00       5.00
      8.00       9.00
     12.00      15.00
      3.00       4.00
     23.00      20.00
     23.00      16.00
     51.00      53.00
      4.00       2.00
     14.00      17.00
     10.00       9.00
     20.00      17.00
     25.00      16.00
      9.89      55.09
     22.00      24.00
     15.28      45.60
