      2.00       5.00
     21.02      61.57
     18.00      14.00
      8.00       8.00
     20.25      36.74
     10.00      10.00
     14.85      22.63
      8.00      10.00
     30.00      37.00
     10.00       6.00
      6.00       6.00
     12.19      65.90
     47.00      47.00
     34.00      34.00
     15.00      14.00
      7.00       9.00
     17.00      14.00
     36.00      36.00
      8.54      24.70
     33.00      34.00
     24.76      42.51
      3.00       6.00
      6.00       5.00
      8.00       8.00
      2.00       7.00
     12.00      12.00
     24.00      34.00
     52.05     112.61
     22.85      57.40
     37.00      38.00
     31.00      44.00
     15.80      33.38
      7.31      25.08
