      2.00       5.00
     18.00      14.00
      7.00       8.00
      7.00       8.00
     27.00      21.00
     22.00      27.00
      3.00      14.00
     38.89      53.87
     17.35      31.13
      9.00       8.00
     22.00      15.00
     15.98      35.60
     17.00      18.00
      0.99      33.46
     51.37      70.50
      3.00       2.00
     20.00      21.00
     10.00       5.00
     19.31      31.20
     23.00      19.00
      9.22      58.36
     33.00      34.00
     10.00      14.00
     20.00      17.00
      3.00      14.00
      6.00       5.00
      7.00      10.00
     10.00      14.00
     10.80      63.63
     19.80      28.28
      2.00       2.00
     15.81      45.09
      9.00      12.00
     23.08      62.13
     10.00      13.00
     12.00      13.00
     16.40      29.79
     37.00      26.00
     16.00      11.00
     12.00      11.00
     17.00      23.00
     12.00      12.00
     16.00      17.00
      9.00      10.00
