      2.00       6.00
      2.00       9.00
      2.00       5.00
     17.00      15.00
      7.00       7.00
      8.00       9.00
     15.00      13.00
     27.16      51.12
      2.00       2.00
      7.00       7.00
     34.20      48.41
     11.00       8.00
      7.00       7.00
      9.00       9.00
      4.00       7.00
     10.00      10.00
      2.00       3.00
      3.61      79.41
      6.85      14.86
     18.97     390.42
     14.14      24.73
     12.00       7.00
     18.34      22.81
      6.39      29.66
      7.00      14.00
      5.00      12.00
      5.00       8.00
      1.38      50.54
      3.00       3.00
     13.00      14.00
     24.00      20.00
     27.00      39.00
      3.00       3.00
      8.00       7.00
      3.00      11.00
     14.00      11.00
      3.00       3.00
      4.96      17.69
     20.00      16.00
     12.00      14.00
      3.00       5.00
      1.38      30.18
      2.83      12.73
      0.96       9.77
      1.00      55.03
     14.00      14.00
     11.00      12.00
     32.24      49.46
      2.00       3.00
     17.00      15.00
     13.00      18.00
      3.00       4.00
     22.00      27.00
      4.00       7.00
     14.00      13.00
     12.00      12.00
