      7.27      30.68
     10.00       8.00
      5.00       3.00
      8.00       7.00
     37.00      18.00
      4.00       6.00
     20.00      24.00
      5.00       2.00
      7.00       5.00
      5.00       6.00
      2.00       3.00
      2.00       2.00
      2.00       4.00
     13.42      19.23
      8.00       9.00
     19.00      16.00
     23.08      26.92
     16.00      10.00
     19.00      16.00
      5.00       8.00
     23.00      29.00
     22.00      11.00
     23.00      26.00
      4.47      15.65
