      2.00       6.00
      2.00       9.00
      2.00       5.00
      4.95      12.02
      3.00       3.00
     17.00      15.00
      2.00       3.00
      1.39      17.79
      7.00       7.00
      8.00       9.00
     21.92      31.11
      7.00      10.00
     13.00      22.00
      8.00       8.00
      3.00       3.00
      3.00       3.00
     36.62      55.22
     38.18      48.08
     10.00      16.00
      7.00      15.00
     12.00      11.00
      5.00       7.00
     21.00      25.00
     33.00      39.00
     21.00      18.00
      8.00       8.00
     24.00      25.00
     17.00      18.00
      8.00       8.00
     27.00      23.00
      2.00       8.00
      7.00       6.00
     14.00      15.00
     15.00      16.00
     12.08      39.68
     19.42      31.95
     16.00       9.00
     11.17      23.03
     38.32      52.65
      2.99      26.50
      6.26       8.50
      8.00       8.00
     17.00      15.00
     19.84      34.10
      7.59      30.02
     18.00      21.00
     20.62      47.77
     15.00      15.00
     33.94      50.91
     20.00      21.00
     14.00      13.00
     11.00      11.00
     21.00      27.00
