      4.00      13.00
      8.00       7.00
      2.12      10.61
     30.48      68.11
      2.00       1.00
      4.00       6.00
     15.00      17.00
     15.00      14.00
      8.00       7.00
     36.00      36.00
     21.84     289.66
     12.00      14.00
      8.54      47.49
     12.00      10.00
     12.00      13.00
     12.00      11.00
      7.00       5.00
      0.72      11.31
      3.15      20.67
     12.22      28.91
     12.00      12.00
     22.00      14.00
      1.38      18.41
     13.00      14.00
     28.00      34.00
      8.00       8.00
     18.00      12.00
      6.00       5.00
