      4.38      39.88
      8.03      26.13
     12.37      50.67
     20.61     112.43
      8.52      19.54
     13.00      12.00
      2.81      12.81
     15.50      34.47
     23.35     104.19
     12.00      12.00
     11.00      11.00
     13.34      37.03
     16.97      24.75
     14.00      24.00
      8.06      31.60
      6.00       7.00
      3.00       8.00
     12.00      11.00
     14.00      12.00
      3.00       5.00
      8.00      10.00
     26.48      71.65
     43.00      47.00
     31.40      59.40
      4.00       5.00
     21.00      21.00
     17.00      16.00
     23.85      34.39
     12.00      19.00
      8.00       7.00
     13.00      12.00
      0.86      47.15
      6.00       6.00
     14.00      14.00
     27.00      32.00
      2.00      12.00
