     17.42      78.34
      2.00       5.00
      4.00       3.00
     18.00      14.00
     23.00      25.00
      5.00       5.00
      4.00       2.00
      8.00       8.00
     18.00      17.00
     10.00      10.00
     12.00      11.00
     21.00      23.00
     42.75      48.94
     21.00      24.00
     13.60      38.23
      6.00       6.00
     26.00      24.00
     44.41      81.53
     47.14      63.03
     25.24      44.36
     15.80      53.44
     45.00      40.00
     12.00      13.00
     35.00      31.00
     17.87      40.50
     16.00      19.00
     19.00      25.00
     17.00      17.00
     28.00      28.00
     33.00      39.00
      6.00      11.00
     29.61      28.48
      1.00       6.00
