     11.18      25.94
      1.00       6.00
     42.52      83.15
     29.00      31.00
      2.00       2.00
      9.98      51.07
      7.04      83.37
      8.00       5.00
     11.00      11.00
     34.00      34.00
      6.00       6.00
     22.00      30.00
     19.00      21.00
     14.67      25.83
     13.00      10.00
      9.00      11.00
      4.00      52.01
     50.45      66.42
     10.00      11.00
      2.00       2.00
     12.00      11.00
     18.00      16.00
     42.00      41.00
      5.00       5.00
     10.00      10.00
     11.00      15.00
     15.81      27.46
      4.00       9.00
     20.00      10.00
     11.22      16.76
     61.55      65.45
      3.00       6.00
      7.00       8.00
     46.14      72.34
     17.01      31.01
      1.00      71.69
     18.00      13.00
     16.00      12.00
      0.98      14.73
     39.62      83.44
     11.40      35.26
     16.00      19.00
     16.00      15.00
     35.00      41.00
      6.00       4.00
      4.53      15.08
