      2.00       5.00
     10.73      10.29
     18.00      14.00
      6.00       7.00
     31.78      44.36
      9.06      37.22
     10.00      10.00
     18.00      18.00
      2.00       2.00
     12.53      41.83
     13.00       8.00
     18.38      59.42
     32.65      46.96
     13.60      30.36
     25.24      37.44
     19.98      26.39
      7.27      24.67
     12.00      16.00
     12.19      40.97
     43.83      65.81
     21.00      24.00
      9.41      59.85
     11.31      22.63
     19.00      18.00
     31.90      48.51
     22.63      31.82
     17.00      15.00
     16.00      16.00
     29.00      36.00
     30.00      30.00
      6.13      11.51
     21.00      20.00
     34.00      35.00
     12.00      12.00
     46.10     133.62
     18.00      11.00
     17.00      24.00
