      2.00       6.00
      2.00       9.00
     21.21      28.28
      2.00       5.00
      1.94      80.85
      5.00       4.00
      0.95      24.05
      9.00      11.00
      7.25      54.69
      4.00       7.00
      8.00       9.00
      2.22      11.37
     14.00      14.00
     17.00      13.00
     57.28      87.18
     11.00      13.00
     21.00      23.00
     26.00      18.00
     42.00      40.00
     21.00      36.00
      7.00       6.00
     18.00      14.00
     14.41      34.06
     16.00      17.00
     15.00      20.00
     32.00      32.00
     19.23      33.09
     10.00      11.00
     10.00      12.00
      2.20      15.25
     16.00      15.00
     26.00      26.00
     15.00      18.00
      9.00       9.00
     18.58      24.13
     36.77      55.15
      5.00       7.00
     18.00      25.00
      9.00      13.00
     15.56      23.33
     19.00      26.00
     18.86      24.41
     30.00      31.00
