      8.00       9.00
      5.10     173.53
      5.00       9.00
     18.00      22.00
     15.23      37.16
     11.18      16.99
     20.00      27.00
     11.66      39.01
      7.00       9.00
     19.00      22.00
     20.00      17.00
      5.00      12.00
     14.00      13.00
     15.00      17.00
      1.31     117.22
     26.16      39.60
      6.00       4.00
     16.00      20.00
     14.00      18.00
      6.00       5.00
     24.70      38.62
     18.00      21.00
     20.00      47.05
     60.14      71.10
     18.01      34.84
      9.49      34.47
      4.11      27.78
