     16.28      37.85
     22.00      24.00
      6.00       5.00
     26.00      29.00
      4.12      31.87
     22.00      22.00
     24.00      31.00
     13.15      56.47
     19.00      13.00
     22.00      34.00
     14.00      25.00
     13.44      23.33
     19.00      23.00
     21.92      44.77
     29.00      22.00
     16.00      23.00
     10.77      25.81
     15.77      30.97
     24.74      33.18
     16.00      21.00
     17.00      13.00
     26.00      44.20
     36.06      50.20
     29.07      42.49
     21.17      35.65
     30.53      45.79
     11.69      51.87
     35.00      43.00
