      4.00      25.02
      2.00       6.00
      2.00       9.00
     16.11      62.47
      2.00       5.00
     18.24      32.14
     17.00      15.00
      2.00       3.00
      0.74      18.25
      7.00       7.00
      8.00       9.00
      7.00      10.00
     40.00      43.00
      0.97      10.93
      3.00       3.00
     22.25      34.11
      8.00       8.00
     32.12      39.32
      3.00       3.00
     14.00      13.00
     10.00      15.00
      6.00       7.00
      6.00       6.00
     27.00      23.00
      8.00       8.00
      9.90      21.21
      0.66      10.71
      4.00       3.00
     28.00      24.00
      0.66      45.92
     13.00      10.00
      8.00       3.00
     11.02      16.28
      0.99      66.61
      5.34      39.10
      1.00       7.00
      8.00       8.00
     10.00       6.00
      4.00       5.00
      1.41      40.85
     12.16      30.26
      1.19      21.79
      9.05      21.29
     12.00      13.00
     16.00      14.00
      0.81      13.95
      2.83      12.73
      9.43      62.08
      2.00       4.00
      0.80      36.15
      8.00       9.00
      2.00       8.00
     28.00      27.00
      8.00      10.00
     16.00      19.00
      6.71      22.80
     25.00      17.00
      6.08      18.67
     17.00      15.00
      8.00      22.00
      0.98      30.66
      7.59      30.33
      3.60      27.62
     21.00      15.00
     31.06      49.69
      5.00       5.00
      7.00       8.00
     14.00      16.00
      8.60      25.21
     12.00      11.00
     29.00      32.00
     19.00      16.00
      6.00       5.00
     20.00      22.00
