     13.33     386.90
      2.00       5.00
     18.00      14.00
      6.00       7.00
      6.00       8.00
      8.00       9.00
      9.22      64.99
     31.00      16.00
      4.47      17.44
     13.00       8.00
     10.75      29.09
      2.83      12.02
     10.00      10.00
     10.00       9.00
      3.00       5.00
     19.80      31.82
     21.00      17.00
     25.49      37.99
     62.46     119.46
     11.18      86.32
     14.00       9.00
     12.00      15.00
      1.00      19.69
     10.00       9.00
     17.00      14.00
     19.80      31.82
      4.00       7.00
     21.00      31.00
     38.00      43.00
      9.20      85.21
     17.00      15.00
