      7.00      10.00
      2.00       3.00
     12.00      18.00
     34.65      47.38
      6.26      21.47
     12.00       9.00
     13.00      10.00
     29.00      23.00
      4.00       4.00
     12.00      12.00
      8.24      53.86
     10.00      10.00
     10.00       9.00
      1.00       8.00
     15.52      78.84
      8.00      10.00
     11.00       9.00
     22.63      30.50
     10.75      46.48
     13.00       8.00
     24.00      23.00
     17.00      17.00
     14.00      14.00
      9.21      86.66
      6.00       5.00
     18.59      32.73
     13.34      34.17
     22.00      20.00
     22.00      32.00
     24.87      31.56
      7.00      10.00
     12.36      28.16
