      5.39      21.73
      2.00       5.00
     47.15      61.06
     18.00      14.00
      6.00       7.00
     14.00      14.00
      9.03      80.22
      6.00       5.00
     11.00       6.00
     12.80      37.12
     18.44      68.56
      2.00       2.00
     13.00       8.00
     19.11      28.75
     12.72      43.46
      5.00       4.00
     33.01      60.91
      9.84      43.78
     16.00      18.00
     16.12      49.50
     23.00      22.00
     15.00       9.00
     28.00      30.00
     25.46      36.77
     13.00      10.00
     19.00      16.00
     19.00      18.00
     38.00      47.00
     26.00      21.00
     33.00      43.00
     26.00      29.00
     14.13      33.13
