     56.30      41.33
     13.00     325.15
     18.00      14.00
      7.00       8.00
     16.00      15.00
     13.91      60.24
     17.17     106.72
      9.43      54.15
     11.00       9.00
     17.00      16.00
     22.09      32.74
     20.00      21.00
      3.99      30.20
      3.00       3.00
     11.00      12.00
     29.00      30.00
     34.06      52.03
     14.00      14.00
     15.00       8.00
     23.00      26.00
      3.10      34.69
      3.00      14.00
     10.00      11.00
     21.00      17.00
     16.00      19.00
     22.00      19.00
      2.00       2.00
      2.00       5.00
      9.00      12.00
     13.00      15.00
     10.20      29.22
     20.00      21.00
     11.00      11.00
     12.00      12.00
     12.36      42.95
     11.00      11.00
     24.41      36.37
      9.00      10.00
