     27.65      87.79
     20.78      30.46
     42.57      54.31
      8.00       9.00
     20.12      26.83
      9.00       8.00
     17.00      14.00
     14.00      14.00
      6.00       5.00
     18.86      24.41
      7.00       7.00
      2.00       2.00
      5.83      49.28
     27.00      17.00
     16.00      20.00
     17.00      19.00
      1.00      71.80
     22.00      16.00
     10.61      23.33
     14.85      24.75
     12.08      27.73
     10.00      11.00
     10.00       9.00
      2.00       2.00
      6.00       6.00
     32.53      37.48
     13.00      16.00
     14.55     118.89
      0.72      12.01
     32.00      32.00
      3.00       2.00
     12.00      11.00
     31.82      37.48
     13.00      13.00
      9.85      43.98
     12.00      12.00
     44.94      62.29
     15.00      21.00
     17.00      16.00
      3.99      24.00
