     22.00      32.00
      8.00       7.00
      4.47      49.63
      2.00       1.00
     16.12      96.24
     14.00      25.00
     12.00      16.00
     24.00      31.00
      7.00       5.00
      0.67      11.37
      0.88      20.65
      2.00       2.00
     17.00      18.00
      2.00       2.00
      8.00       8.00
      4.00       6.00
     11.00       9.00
     16.00      16.00
     36.67      59.03
     19.00      16.00
     15.00      16.00
     26.92      59.48
     16.00      14.00
