     10.00      10.00
      9.22      55.54
      7.00       2.00
      8.00       7.00
     16.76      22.96
      2.00       1.00
      6.00       6.00
     27.74      34.11
      8.00       9.00
      1.00       4.00
      4.00       5.00
     12.00      11.00
     10.00      10.00
     21.95      34.47
      4.98      64.98
      7.00       5.00
      0.75      12.12
      3.15      20.67
      2.00       2.00
      2.00       2.00
     14.00      12.00
     21.21      43.41
      3.00       3.00
     21.26      48.56
      7.00       7.00
     38.90      74.32
     20.00      19.00
