      2.00       6.00
      2.00       9.00
      2.00       5.00
     25.55      42.30
      0.97      28.46
     17.00      15.00
      2.00       5.00
      6.36      16.97
      8.00       9.00
      2.78      28.84
     17.00      23.00
     14.00      14.00
     12.00      17.00
      7.78      17.68
     11.00      10.00
     11.00      11.00
      6.08      43.14
     15.00       8.00
     12.08      31.69
     18.00      19.00
     28.00      30.00
      5.37      34.14
      0.99       9.20
     17.00      20.00
     17.00      14.00
      9.00      11.00
      9.84      20.61
     21.42      37.94
     31.02      56.86
     25.00      12.00
      8.06      22.06
      8.00       8.00
      2.82      40.59
     22.00      23.00
     16.00      15.00
     23.00      20.00
      4.00       2.00
     13.95      41.15
     12.98      32.24
      0.81      20.93
     13.00      12.00
     15.00      12.00
     35.00      17.00
      9.00      14.00
     18.00      21.00
     12.00      11.00
     25.00      27.00
      9.00       9.00
     10.00      13.00
     17.00      25.00
      9.83      27.24
     28.99      42.43
     25.00      65.52
      3.16      28.27
     14.00      26.00
