     39.35      53.67
     24.00      16.00
     40.31      58.83
      7.61      25.01
     11.18      29.78
     19.00      13.00
     20.00      21.00
     10.44      42.03
      5.00       3.00
     13.00      14.00
     12.00      11.00
     17.00      16.00
     12.00      10.00
      7.00       8.00
     19.00      25.00
      8.25      26.00
      7.00       8.00
      2.00       2.00
     27.00      33.00
     27.17      49.57
     21.00      22.00
     10.19      95.04
     12.00      12.00
     11.00      11.00
     18.68      39.56
      6.00       7.00
      6.40      96.77
     11.38      72.57
     19.00      16.00
     38.58     111.48
      2.00       4.00
      9.90      16.97
     32.25      49.09
     24.00      36.00
     17.00      23.00
     21.00      21.00
      9.90      12.02
