     16.52      59.19
      8.00       7.00
      8.00       9.00
     16.00      14.00
      2.00       1.00
     11.00      10.00
      4.00       6.00
     19.00      14.00
     15.00      14.00
     22.84      34.01
     12.00      11.00
      0.72      11.31
      3.15      20.67
      2.00       2.00
     15.13      47.27
     22.19      47.80
      1.99      21.19
      8.00       8.00
      5.35     121.56
     27.00      36.00
      7.28      77.62
     11.00      10.00
      5.33      60.38
     32.28      52.01
