      2.00       6.00
      2.00       9.00
      2.00       5.00
      5.00       7.00
     17.00      15.00
      9.48      22.66
      0.97      36.14
     32.00      31.00
      8.00       9.00
     13.00      11.00
     19.00      20.00
     22.00      23.00
      9.49      42.05
      8.00      17.00
     13.00       8.00
      6.00       3.00
     18.00      16.00
     12.00      12.00
     22.63      31.82
     18.00      21.00
     36.24      53.46
      9.00      12.00
     22.00      17.00
     16.00      11.00
     17.00      14.00
      5.00      10.00
     22.01      34.94
     26.00      20.00
     10.00      10.00
      5.81      77.56
     19.65      51.49
     22.00      20.00
     13.00      15.00
     14.85      26.16
     27.00      26.00
     33.00      47.00
      4.00       6.00
     21.00      21.00
     16.46      20.95
      0.83      72.36
     26.00      34.00
     10.00      12.00
     23.00      27.00
     30.00      34.00
      8.00      13.00
      6.89      18.60
