      8.00       7.00
      5.00       8.00
     13.00      17.00
     26.63      42.60
     31.00      38.00
     12.00      19.00
     14.00      15.00
     17.10      28.15
      9.00      10.00
      7.00       7.00
     10.00      10.00
     27.00      26.00
      3.00       4.00
     18.00      19.00
     13.00      14.00
      9.49      33.83
      2.00       6.00
     12.00      13.00
      3.00       2.00
     18.00      27.00
     14.00      20.00
     11.00      12.00
     21.92      19.80
      9.39       9.84
     15.00      14.00
     19.00      16.00
     28.99      43.84
      7.62      29.40
     31.00      35.00
     16.00      21.00
      0.58      43.36
     19.00      19.00
      7.00       7.00
     44.99      68.87
     24.00      31.00
     13.34     125.72
      5.38      50.48
     13.78      34.79
     15.00      15.00
