     13.02      84.21
      2.00       5.00
     18.00      14.00
      7.00       9.00
      6.00       7.00
     13.00      11.00
     12.53      40.97
     51.92      82.16
     38.58      56.48
     10.19      53.09
      3.58      76.30
     14.00      14.00
     13.00       8.00
     33.00      30.00
      5.00       4.00
     17.00      16.00
      2.21      14.17
     39.25      50.76
     36.07      54.43
     12.00      12.00
      8.24      32.12
     13.00      21.00
     21.00      16.00
     23.00      24.00
     14.99      60.26
     32.02      45.60
     25.00      22.00
      9.22      42.20
     17.00      15.00
     11.00      13.00
     12.00      13.00
      9.49      41.16
      6.00      36.09
