      8.00       8.00
     19.00      15.00
      9.00       8.00
     11.00      12.00
     16.00      15.00
     24.00      29.00
     19.00      12.00
      6.00      11.00
      7.00       9.00
     10.00      19.00
     19.00      22.00
     20.00      30.00
     14.00      15.00
     15.64      52.31
     10.00      11.00
     19.16      46.87
     18.00      18.00
     13.00      13.00
      9.99      66.84
     14.00      15.00
      9.00      11.00
      2.75      31.90
     22.00      30.00
      7.00       8.00
     11.00      18.00
      9.48      22.80
     14.00      12.00
     14.31      20.12
     22.00      21.00
     25.00      25.00
     18.47     119.96
      9.99      99.06
     18.00      21.00
      7.00       5.00
     32.00      32.00
     16.00      17.00
     13.00       9.00
     12.00      13.00
     18.00      19.00
