     29.41      78.11
     41.67      66.49
      7.06      98.31
     43.56      81.08
     11.39      37.95
     12.00      16.00
     17.00      13.00
     13.93      27.96
     17.00      17.00
      8.00       5.00
      5.00       3.00
      0.95      20.48
     14.00      17.00
      2.00       2.00
     13.00      14.00
     19.21      58.87
     26.16      34.65
     29.15      54.68
      3.00       5.00
      8.00       6.00
     19.00      19.00
      7.00      12.00
     10.05      68.44
      7.27      55.94
     33.00      54.00
     12.53      23.91
