     12.37      46.38
      8.00       9.00
     11.70      17.08
      0.97     300.16
     55.17      82.96
     19.00      16.00
     11.00      12.00
     18.00      22.00
      5.09      23.11
     20.00      26.00
     21.09      45.97
     18.58      32.17
     27.20      78.54
     16.00      24.00
     16.26      29.70
     33.23      44.55
     14.00      20.00
     24.00      25.00
     12.07      25.04
     21.00      21.00
     24.00      28.00
     17.00      18.00
     13.00      16.00
     22.36      38.91
     11.40      31.60
      5.09      90.25
     10.00       9.00
      5.00       6.00
