      4.99      33.06
      2.00       9.00
      6.00       8.00
     17.00      15.00
      6.00       6.00
      3.00       6.00
      6.00       8.00
     13.00      12.00
      9.00      11.00
      9.44      55.67
     14.00      18.00
     13.00      11.00
     39.00      40.00
     16.49      49.92
      2.00       2.00
      2.21      15.17
     20.00      20.00
     13.00      11.00
     18.00      15.00
      0.95     157.65
     11.00      13.00
     16.00      14.00
      2.00       2.00
      7.06      42.25
     64.47      70.84
      0.95      43.01
      7.81      28.23
      3.00       4.00
      5.00       4.00
     26.40      91.39
      9.00       8.00
     19.00      18.00
     10.29      26.39
      9.42      22.93
     42.86      50.73
      6.32      12.77
     19.30      33.11
     18.00      25.00
     21.92      30.81
     13.00      14.00
     10.00       9.00
     34.18      75.59
     29.53      58.64
     19.00      17.00
     12.00      16.00
