      8.00       9.00
     38.83      49.92
     11.70      17.08
     15.00      18.00
     22.00      30.00
     20.00      30.00
     12.00      13.00
      3.00       5.00
     18.00      20.00
     21.00      13.00
     19.00      22.00
     24.41      87.72
     13.41      45.58
     15.00      22.00
     14.56     154.25
     18.00      17.00
     25.00      51.08
     19.92      34.29
     21.00      23.00
      0.73      15.55
     46.67      70.71
      2.00       4.00
     24.00      22.00
     23.00      30.00
     21.53      28.66
     10.19      26.92
     20.95      35.77
     14.00      12.00
     10.00       9.00
      9.49      53.18
     27.00      23.00
