      2.22      10.82
     24.04      33.94
     37.00      21.00
      4.00       5.00
      4.00       3.00
      3.00       2.00
      7.28      32.86
     15.00      17.00
     20.59      74.65
     16.00      12.00
     13.00       9.00
     20.00      17.00
      5.00       4.00
     25.00      31.00
     11.00      10.00
     29.00      35.00
     11.39      36.69
     16.00      16.00
     14.00      13.00
     20.39      54.34
     21.00      22.00
     15.00      15.00
     18.00      22.00
     29.00      31.00
      7.28      70.98
     16.00      19.00
     27.00      29.00
     10.29      83.16
     15.00      15.00
     31.99      70.23
     19.80      29.70
      2.00       7.00
