     23.13     213.43
      8.00       8.00
     18.00      14.00
     13.34      31.92
      7.00       8.00
     11.18      30.88
      2.00      14.00
      6.71      17.44
     33.96      51.79
     25.58      35.94
     28.00      25.00
     25.00      28.00
     11.00       9.00
     19.00      22.00
     22.02      38.57
     23.00      21.00
      3.00       3.00
     19.00      23.00
     12.36      62.09
     24.00      33.00
     17.00      23.00
      3.00      14.00
      8.50      61.28
     12.00      11.00
      5.59      35.44
     11.15      32.65
     13.00      13.00
     19.00      17.00
      3.00       5.00
      3.00       2.00
      2.00       6.00
     24.00      23.00
     13.00      14.00
      8.02      82.53
     14.00      17.00
     17.00      24.00
     32.00      39.00
     12.00      13.00
     12.00      28.00
     11.00      11.00
     10.00      25.00
      4.12      24.31
