     12.98      33.26
      2.00       6.00
      2.00       9.00
      5.00       6.00
     18.00      17.00
      9.00      11.00
      2.00       9.00
      6.00       6.00
      8.00       9.00
     14.00      12.00
     29.00      32.00
     11.00      12.00
      2.11      22.65
     10.00       9.00
     22.00      27.00
     12.00      12.00
     16.24      26.08
      1.00       2.00
     19.00      20.00
      9.04     132.54
      8.60      48.75
      7.00       5.00
      5.00       4.00
     18.00      12.00
     13.34      32.90
     10.20      53.49
     16.00      15.00
     15.00      15.00
     31.40      54.20
      6.00       6.00
      9.21      83.07
     11.00       9.00
      9.00       8.00
     12.00      10.00
      0.43      91.66
     15.00      27.00
     22.00      21.00
      7.00       7.00
      6.00       7.00
     22.00      27.00
     14.54     171.27
     35.51      71.35
     18.00      23.00
     10.00      14.00
     12.73      21.92
      8.54      80.03
      2.97      28.14
     33.23      43.84
     26.00      25.00
     19.00      18.00
      9.00       3.00
