     11.00      11.00
      8.04      26.92
      8.00       9.00
     11.00       9.00
      2.00       2.00
     11.00      21.00
     11.00      14.00
     16.00      21.00
      4.12      67.05
     30.00      27.00
     16.26      23.33
      1.00       2.00
     16.73      55.21
     35.23      46.61
      9.89      43.22
     19.64      37.74
     10.00       8.00
     15.11      34.30
     43.86      70.70
     24.00      26.00
     10.19      47.78
     23.09      43.00
     31.40      64.81
     30.00      38.00
