      2.00       5.00
     10.73      10.29
     18.00      14.00
      6.00       6.00
     10.00      10.00
     17.26      58.45
     10.43      40.49
     13.45     128.54
     25.46      38.18
      2.00       2.00
      9.00       9.00
     22.47      32.17
     18.00      21.00
     14.00      14.00
     12.05      30.32
     23.00      23.00
     14.00      15.00
      6.70      53.71
     19.00      18.00
     36.06      58.05
     22.00      21.00
     28.00      29.00
     35.64      43.50
     21.00      21.00
     12.53      30.51
     33.54      86.14
     26.00      26.00
      7.00      11.00
     10.00      10.00
      6.00      11.00
     10.54      17.92
     19.00      27.00
     30.00      33.00
      2.00      10.00
