      8.00       8.00
      1.24      37.98
     18.00      14.00
      7.28      56.98
     11.67      16.99
     10.00      10.00
     23.00      32.00
      9.00       9.00
     19.00      21.00
     11.70      71.32
      6.00      11.00
      7.00       9.00
     10.00      19.00
     19.00      22.00
     14.00      15.00
      2.00       5.00
     24.00      24.00
     13.19      21.15
     19.00      13.00
     21.00      20.00
      3.00      15.00
     11.66      32.65
     25.00      22.00
     23.26      31.30
      3.00       5.00
      2.00       5.00
     20.00      19.00
      0.56      31.62
     18.00      23.00
     19.00      17.00
     16.26      26.16
     14.00      14.00
     15.00      17.00
     22.35      40.36
     25.00      34.00
     11.00      11.00
     15.00      12.00
     29.00      34.00
     27.23      46.59
