     18.03      30.51
      9.21      26.21
     10.00      17.00
     14.99     112.03
     22.00      21.00
     15.00      20.00
     18.00      24.00
      6.00       5.00
     20.00      23.00
      6.00       4.00
      2.00       2.00
     11.00      14.00
      7.16      43.45
     10.00      16.00
      4.00       4.00
     16.15      59.69
     53.05      59.66
      5.00       4.00
     15.00      14.00
     11.00      11.00
      9.00       8.00
     24.14      31.31
      1.00       5.00
      7.00       9.00
     12.00      15.00
     13.44      20.51
     10.00       8.00
     27.58      37.48
      9.00       9.00
     12.00      12.00
     22.84      35.47
     14.86      48.83
     13.00      12.00
     13.00      17.00
     13.55      19.04
     13.00      12.00
     14.00      13.00
      6.00       7.00
     21.00      24.00
     16.26      24.75
     18.00      21.00
     16.97      25.46
     24.00      29.00
     23.00      27.00
      0.42      28.97
     13.42      25.49
