      9.00       7.00
      8.00       7.00
      2.00       1.00
     25.00      26.00
     10.00      10.00
     14.28      14.00
     24.00      24.00
      7.61      32.20
     12.00      12.00
     10.00       5.00
      5.00       6.00
      2.00       3.00
      0.87      10.88
      1.79      21.90
      3.00       2.00
     17.00      26.00
      8.00       9.00
     12.00      12.00
     19.41      58.79
     16.00      10.00
      8.00       7.00
      8.00       5.00
     17.44      23.26
     12.65     150.09
     14.00      12.00
     17.00      16.00
     21.00      21.00
